-0.0694120000000000 -0.0134920000000000 0.0500000000000000 -0.0694120000000000 -0.0134920000000000 -0.0500000000000000 0.0134920000000000 -0.0694120000000000 0.0500000000000000
0.0134920000000000 -0.0694120000000000 0.0500000000000000 -0.0694120000000000 -0.0134920000000000 -0.0500000000000000 0.0134920000000000 -0.0694120000000000 -0.0500000000000000
-0.0134920000000000 0.0694120000000000 0.0500000000000000 -0.0134920000000000 0.0694120000000000 -0.0500000000000000 -0.0694120000000000 -0.0134920000000000 0.0500000000000000
-0.0694120000000000 -0.0134920000000000 0.0500000000000000 -0.0134920000000000 0.0694120000000000 -0.0500000000000000 -0.0694120000000000 -0.0134920000000000 -0.0500000000000000
0.0694120000000000 0.0134920000000000 0.0500000000000000 0.0694120000000000 0.0134920000000000 -0.0500000000000000 -0.0134920000000000 0.0694120000000000 0.0500000000000000
-0.0134920000000000 0.0694120000000000 0.0500000000000000 0.0694120000000000 0.0134920000000000 -0.0500000000000000 -0.0134920000000000 0.0694120000000000 -0.0500000000000000
0.0134920000000000 -0.0694120000000000 0.0500000000000000 0.0134920000000000 -0.0694120000000000 -0.0500000000000000 0.0694120000000000 0.0134920000000000 0.0500000000000000
0.0694120000000000 0.0134920000000000 0.0500000000000000 0.0134920000000000 -0.0694120000000000 -0.0500000000000000 0.0694120000000000 0.0134920000000000 -0.0500000000000000
-0.0134920000000000 0.0694120000000000 -0.0500000000000000 0.0694120000000000 0.0134920000000000 -0.0500000000000000 -0.0694120000000000 -0.0134920000000000 -0.0500000000000000
-0.0694120000000000 -0.0134920000000000 -0.0500000000000000 0.0694120000000000 0.0134920000000000 -0.0500000000000000 0.0134920000000000 -0.0694120000000000 -0.0500000000000000
0.0694120000000000 0.0134920000000000 0.0500000000000000 -0.0134920000000000 0.0694120000000000 0.0500000000000000 0.0134920000000000 -0.0694120000000000 0.0500000000000000
0.0134920000000000 -0.0694120000000000 0.0500000000000000 -0.0134920000000000 0.0694120000000000 0.0500000000000000 -0.0694120000000000 -0.0134920000000000 0.0500000000000000
